1.2142857142857142
1.1
0.95
1.1428571428571428
1.0625
0.65
1.0714285714285714
1.5
1.6
0.8888888888888888
1.125
1.1818181818181819
1.25
1.3
1.3333333333333333
1.125
1.3
1.0555555555555556
1.0833333333333333
1.0
1.1875
0.9
1.1818181818181819
1.3888888888888888
0.8928571428571429
1.375
1.25
1.2857142857142858
1.2
1.0833333333333333
1.4375
0.8125
0.8928571428571429
0.7916666666666666
0.3333333333333333
0.8125
1.0
1.4285714285714286
1.1
1.5
0.9375
0.9
0.9
1.2222222222222223
0.9
1.0555555555555556
1.1111111111111112
1.5
0.9166666666666666
1.0714285714285714
1.0625
1.25
0.9375
0.9166666666666666
1.125
1.6428571428571428
0.9285714285714286
1.0714285714285714
1.5
1.375
1.0833333333333333
1.0416666666666667
1.0714285714285714
0.75
0.9285714285714286
1.3125
1.125
1.125
0.75
0.9444444444444444
0.9166666666666666
1.0625
1.2083333333333333
1.2777777777777777
1.5
1.3333333333333333
1.1
1.4285714285714286
1.125
1.0
0.9285714285714286
0.8
1.5
0.9545454545454546
1.2272727272727273
1.0714285714285714
1.0555555555555556
0.9285714285714286
1.0625
1.2222222222222223
1.1875
1.1111111111111112
1.0
0.9285714285714286
1.125
0.9166666666666666
1.0
1.0
1.2857142857142858
1.0714285714285714
0.8125
1.0833333333333333
1.1111111111111112
0.9285714285714286
0.9
0.9
1.0833333333333333
0.9166666666666666
1.0
1.0
1.1428571428571428
1.5
0.8125
1.1071428571428572
0.9375
1.4285714285714286
1.0
1.0555555555555556
0.7222222222222222
0.9166666666666666
1.125
0.6428571428571429
1.0555555555555556
1.25
0.9545454545454546
1.1
1.125
1.2857142857142858
0.9375
0.9
0.9
1.0
1.1
0.8333333333333334
0.95
0.9375
0.9285714285714286
0.9
1.0
1.2692307692307692
1.2222222222222223
0.8636363636363636
1.0714285714285714
1.75
0.8125
1.5
1.0
1.25
1.2222222222222223
0.9166666666666666
1.1428571428571428
0.9090909090909091
1.2857142857142858
0.9
1.3
0.9375
1.0714285714285714
1.0
1.1818181818181819
1.0714285714285714
1.2
1.5
1.1666666666666667
1.5
1.1428571428571428
1.0833333333333333
1.3333333333333333
1.05
0.9444444444444444
0.85
0.7857142857142857
1.5625
1.3333333333333333
0.6666666666666666
0.9375
0.9
1.125
1.375
1.1428571428571428
1.4285714285714286
0.75
0.85
1.2857142857142858
1.1428571428571428
1.1111111111111112
1.375
1.2142857142857142
1.6
1.1
0.7727272727272727
1.0833333333333333
1.0
1.0714285714285714
1.1666666666666667
1.0
0.6875
1.25
1.1666666666666667
1.3333333333333333
1.125
1.0416666666666667
0.3333333333333333
1.0
0.7307692307692307
0.5
1.0
1.0
1.0714285714285714
1.1
1.4285714285714286
1.0
0.7857142857142857
0.9444444444444444
1.6
1.5
1.125
1.0
0.75
1.375
1.125
1.05
0.9583333333333334
0.6
1.5
1.3
0.7857142857142857
1.125
1.5
0.85
0.9375
0.8181818181818182
1.0714285714285714
0.8125
0.9166666666666666
1.0833333333333333
0.9166666666666666
0.75
0.9285714285714286
1.0625
1.125
1.0714285714285714
1.0555555555555556
1.1111111111111112
1.1428571428571428
0.9285714285714286
1.3333333333333333
0.8333333333333334
0.9375
0.9166666666666666
1.5
1.2777777777777777
0.9285714285714286
0.8125
0.75
1.375
0.95
0.9166666666666666
1.0833333333333333
0.8214285714285714
1.125
0.8333333333333334
0.9375
1.0
0.9166666666666666
0.9285714285714286
1.0555555555555556
1.1818181818181819
1.5625
0.9
0.8636363636363636
0.9615384615384616
1.125
1.125
1.1666666666666667
1.3
0.9
1.125
0.85
0.9444444444444444
0.6428571428571429
1.125
1.1111111111111112
0.9285714285714286
0.9
1.0416666666666667
1.0555555555555556
1.3333333333333333
1.5
1.375
1.0909090909090908
0.9
1.125
1.0833333333333333
0.7727272727272727
0.8333333333333334
1.0833333333333333
0.9285714285714286
1.0833333333333333
0.8125
0.9
0.9375
1.0833333333333333
1.6
1.2222222222222223
1.5
1.2857142857142858
1.05
1.0
0.95
0.9285714285714286
0.9285714285714286
0.95
0.9285714285714286
1.5
1.1
1.1111111111111112
1.3
1.1
1.0454545454545454
1.2857142857142858
0.9285714285714286
1.2777777777777777
1.5
1.1
0.85
1.375
1.125
1.0714285714285714
0.9375
0.75
1.375
1.1111111111111112
0.9166666666666666
1.1
0.75
0.8125
1.35
1.1
0.9090909090909091
1.125
1.4
1.0833333333333333
1.0833333333333333
0.875
1.125
0.9375
0.95
0.9615384615384616
1.125
0.9
0.9285714285714286
1.1818181818181819
0.9
1.3
1.0714285714285714
1.125
1.4285714285714286
0.9285714285714286
0.75
1.4
1.1
0.95
0.85
1.2142857142857142
0.3333333333333333
1.0714285714285714
0.9375
0.75
0.9166666666666666
0.9285714285714286
1.0833333333333333
0.7222222222222222
0.95
1.0
1.2857142857142858
1.2857142857142858
0.9444444444444444
1.0
1.0833333333333333
1.5
1.1111111111111112
1.1428571428571428
0.9
1.0555555555555556
0.6428571428571429
1.6428571428571428
1.125
0.9444444444444444
1.0833333333333333
0.8333333333333334
0.9285714285714286
1.1111111111111112
1.2222222222222223
1.05
1.125
1.3571428571428572
0.9545454545454546
1.125
0.7222222222222222
1.6428571428571428
0.9285714285714286
1.0909090909090908
1.0
1.125
0.6875
1.375
0.9166666666666666
1.1
1.6
1.375
1.0555555555555556
1.0
1.0454545454545454
0.9166666666666666
0.6666666666666666
1.5
1.75
1.5
1.1875
1.5
1.0833333333333333
1.1
0.9285714285714286
1.4166666666666667
0.875
1.1666666666666667
0.9
0.9444444444444444
1.0555555555555556
0.3333333333333333
1.125
0.9
1.1
1.3333333333333333
1.0
1.4285714285714286
0.5
1.0714285714285714
1.0909090909090908
1.25
1.0833333333333333
1.0
1.0
0.9285714285714286
0.8333333333333334
1.3333333333333333
0.9375
1.1
1.3333333333333333
1.25
0.9285714285714286
1.4375
1.0
0.9166666666666666
0.95
0.9285714285714286
1.4
1.5
1.375
1.2727272727272727
1.3333333333333333
1.1875
1.0
1.125
1.1875
1.3
0.9444444444444444
0.9285714285714286
1.375
1.1153846153846154
1.15
1.1
1.05
0.8333333333333334
0.8
0.9
1.4285714285714286
1.1
1.125
1.125
1.1
1.3
1.25
1.2
0.9545454545454546
0.8333333333333334
1.0454545454545454
0.9
1.0909090909090908
1.1
1.0
1.5
1.4
1.25
1.5833333333333333
1.125
1.1666666666666667
0.9166666666666666
1.2
1.1
0.9285714285714286
1.0833333333333333
1.125
0.95
0.9
1.0
0.9583333333333334
1.0833333333333333
1.25
1.25
0.875
1.1111111111111112
1.0
1.4285714285714286
1.1428571428571428
1.2
1.375
0.9545454545454546
0.9375
0.95
0.7222222222222222
1.0
0.9166666666666666
1.3
0.8333333333333334
0.9375
1.1111111111111112
1.2857142857142858
0.8125
1.1111111111111112
0.9375
1.2272727272727273
0.3333333333333333
0.7727272727272727
1.1111111111111112
1.0714285714285714
1.0833333333333333
1.05
0.9285714285714286
1.0833333333333333
1.25
1.2222222222222223
1.5
0.8888888888888888
1.1666666666666667
0.9166666666666666
0.75
1.2222222222222223
0.9285714285714286
0.85
1.0833333333333333
1.1
1.5
1.1666666666666667
1.5
1.125
1.0
1.4375
1.0
1.3
0.8846153846153846
1.0555555555555556
1.3333333333333333
1.1666666666666667
1.375
1.125
0.9
1.2222222222222223
1.1875
1.0909090909090908
0.9285714285714286
1.5
1.125
1.2
1.125
1.1
1.0714285714285714
0.9
1.25
0.7857142857142857
1.4375
0.9285714285714286
1.1818181818181819
0.9
1.3888888888888888
1.0625
1.1428571428571428
1.0833333333333333
0.8636363636363636
1.0833333333333333
1.125
1.3
0.9285714285714286
1.3
1.0833333333333333
1.0454545454545454
1.3333333333333333
1.5
1.1666666666666667
1.0454545454545454
1.2222222222222223
0.9
1.0833333333333333
0.9285714285714286
0.8636363636363636
1.2307692307692308
1.5
1.125
1.05
1.0555555555555556
0.9
1.2272727272727273
1.0714285714285714
0.9166666666666666
1.1666666666666667
1.1
0.9285714285714286
1.0909090909090908
1.1818181818181819
1.1
1.0714285714285714
1.3
0.9545454545454546
0.3333333333333333
1.375
0.9375
1.0833333333333333
0.9375
0.75
1.2777777777777777
1.0833333333333333
2.0
1.5
1.0833333333333333
0.3333333333333333
0.875
1.5
1.0714285714285714
1.2222222222222223
1.0555555555555556
0.9285714285714286
1.0833333333333333
1.0
1.25
1.125
0.9615384615384616
1.3888888888888888
0.9583333333333334
1.125
1.2272727272727273
1.125
1.5
1.1111111111111112
1.3
1.0714285714285714
1.4
1.5
1.2
0.75
1.1
1.5
0.9285714285714286
1.25
1.0714285714285714
1.375
0.6111111111111112
0.9375
0.9285714285714286
1.125
1.375
1.6
1.2222222222222223
0.6428571428571429
1.0
0.9
0.75
1.5
0.9444444444444444
1.125
1.0714285714285714
1.2
0.9
0.9545454545454546
1.05
0.9285714285714286
0.9375
1.0
0.7857142857142857
1.125
1.0
0.9545454545454546
1.0555555555555556
1.125
1.0
1.3888888888888888
1.2272727272727273
1.125
0.9090909090909091
1.1
0.5
1.125
1.2
1.0454545454545454
1.375
1.1923076923076923
1.2857142857142858
1.0833333333333333
0.95
1.6
0.8
0.9
0.9285714285714286
1.125
1.0
0.9166666666666666
0.875
1.0714285714285714
1.125
1.25
1.1
0.9285714285714286
1.0
1.6
1.0833333333333333
1.25
0.8125
1.6
0.9
0.9583333333333334
1.2272727272727273
1.3333333333333333
1.0
1.3
1.1111111111111112
1.0833333333333333
1.5
0.8846153846153846
1.125
1.2142857142857142
1.1111111111111112
0.9
1.375
1.3076923076923077
1.125
1.25
1.1666666666666667
0.9285714285714286
1.0714285714285714
1.3333333333333333
1.4
1.1
0.85
1.125
0.9285714285714286
1.5
1.125
1.3333333333333333
0.8333333333333334
0.75
1.125
0.9444444444444444
0.9285714285714286
1.1428571428571428
0.9545454545454546
1.5
1.0909090909090908
1.0714285714285714
0.8125
0.6111111111111112
0.9
1.0
1.0625
0.5625
0.95
1.0833333333333333
1.1875
1.1
0.9444444444444444
1.3
1.1111111111111112
1.4
1.125
1.2857142857142858
1.5
1.1
0.9285714285714286
0.9375
1.375
0.9
1.3888888888888888
1.25
1.0625
1.4
1.1111111111111112
0.85
0.9444444444444444
1.0833333333333333
0.9375
0.9444444444444444
1.0625
0.9
1.125
1.5
1.5
1.0555555555555556
1.375
1.3333333333333333
1.25
0.9
1.125
1.1428571428571428
1.125
1.1428571428571428
1.0833333333333333
1.6
1.0555555555555556
1.3
0.6428571428571429
1.0714285714285714
0.75
1.1
1.25
0.6875
0.9444444444444444
1.0
0.75
0.9285714285714286
1.125
0.9
1.2142857142857142
0.9375
0.9090909090909091
0.9
1.0714285714285714
1.0
0.9285714285714286
1.125
0.9285714285714286
1.3
1.5
1.125
1.2142857142857142
0.85
0.9285714285714286
1.375
1.0
1.1666666666666667
1.1111111111111112
1.5
0.875
1.375
1.0833333333333333
1.5
1.2222222222222223
1.0625
0.7857142857142857
1.1
1.125
1.1428571428571428
1.5
1.3
1.25
0.9090909090909091
1.1
1.5
1.0909090909090908
0.9285714285714286
1.0
0.9545454545454546
0.9
1.2857142857142858
0.8333333333333334
1.4285714285714286
1.1111111111111112
1.25
0.9285714285714286
0.9285714285714286
0.9285714285714286
0.9
0.9285714285714286
0.8125
0.85
0.85
0.9
0.85
0.8333333333333334
1.125
1.1875
0.9285714285714286
1.125
1.0555555555555556
1.1
1.1428571428571428
1.375
0.75
1.125
1.125
1.05
1.2857142857142858
1.0714285714285714
0.8125
1.1111111111111112
1.2857142857142858
1.2857142857142858
1.0714285714285714
1.1111111111111112
1.0625
1.0
0.9
0.85
1.25
0.75
0.9230769230769231
1.1111111111111112
0.9
0.9285714285714286
1.5
1.1111111111111112
0.95
1.125
1.4166666666666667
1.0909090909090908
1.0625
0.9285714285714286
1.1666666666666667
0.6428571428571429
0.9
0.9285714285714286
1.2857142857142858
1.2222222222222223
1.1428571428571428
0.9285714285714286
1.1
0.9
1.05
1.2857142857142858
0.6428571428571429
0.8636363636363636
0.75
1.25
1.0833333333333333
1.0
0.7857142857142857
1.125
0.8125
1.0833333333333333
1.0
1.0
0.8125
0.6428571428571429
1.0833333333333333
1.1
1.1666666666666667
1.0833333333333333
1.3333333333333333
0.75
0.9230769230769231
0.9166666666666666
0.8181818181818182
1.2857142857142858
1.0833333333333333
1.125
0.9
1.3333333333333333
1.5
0.85
0.8888888888888888
1.1428571428571428
1.05
1.0555555555555556
0.75
1.0714285714285714
1.0833333333333333
0.9285714285714286
1.0769230769230769
1.125
1.2142857142857142
1.4
0.95
0.9
1.0833333333333333
0.85
1.3333333333333333
0.9375
1.2142857142857142
0.95
0.9375
0.8
0.7727272727272727
0.7272727272727273
1.375
1.2857142857142858
1.0714285714285714
1.3888888888888888
0.9285714285714286
0.9285714285714286
0.7
0.9166666666666666
0.9285714285714286
1.5
1.0
1.1428571428571428
1.0
0.8125
1.125
1.3333333333333333
1.125
1.5
0.8125
1.0714285714285714
0.9166666666666666
1.125
0.9166666666666666
0.9
1.0833333333333333
0.9166666666666666
0.9444444444444444
0.95
1.1
1.1111111111111112
0.9166666666666666
0.9166666666666666
0.9285714285714286
1.125
1.0
1.1111111111111112
0.9
1.5
1.2
0.9
1.05
1.0625
1.6
0.9285714285714286
1.1111111111111112
0.9285714285714286
1.3333333333333333
0.9
1.5
1.2857142857142858
1.4285714285714286
1.125
1.375
0.9375
1.0555555555555556
0.85
1.6
0.8636363636363636
1.125
0.8076923076923077
0.9444444444444444
1.25
0.9375
1.5
1.125
0.9285714285714286
0.9583333333333334
1.3333333333333333
0.9
0.9285714285714286
1.125
1.375
1.6
0.9
1.0
1.3076923076923077
1.2857142857142858
0.8333333333333334
0.7916666666666666
1.25
1.5
1.2857142857142858
1.2
1.6
0.8125
1.6
1.2142857142857142
1.125
1.6
1.1428571428571428
1.2142857142857142
1.125
0.9
0.6111111111111112
1.2857142857142858
0.9
1.1666666666666667
0.9444444444444444
1.0833333333333333
0.8636363636363636
1.4375
0.9375
0.8333333333333334
1.0714285714285714
0.9
1.375
1.0909090909090908
1.125
1.125
1.25
0.8125
0.8636363636363636
0.8125
0.9166666666666666
1.1818181818181819
1.3
1.1428571428571428
1.0714285714285714
0.7777777777777778
1.125
1.1111111111111112
0.6875
1.375
1.5
1.0625
0.8333333333333334
1.3333333333333333
0.75
1.3
1.2857142857142858
0.5625
0.9444444444444444
0.9285714285714286
1.125
0.9375
0.9375
1.0714285714285714
1.3333333333333333
1.0714285714285714
0.9375
1.0909090909090908
1.125
1.125
1.0
1.5
1.4375
1.3
1.1666666666666667
1.0833333333333333
1.25
1.0833333333333333
1.0
1.1
1.1
1.6666666666666667
0.9444444444444444
1.0454545454545454
1.5
1.5
0.9545454545454546
1.0
0.9285714285714286
1.0
1.0714285714285714
1.05
1.25
1.2857142857142858
1.2222222222222223
1.375
1.5
1.1111111111111112
1.0909090909090908
0.8125
0.9545454545454546
0.85
1.25
1.0
1.05
1.125
1.0
0.8125
1.2222222222222223
0.75
0.9
1.0833333333333333
1.0833333333333333
0.9285714285714286
1.0625
1.0
0.7916666666666666
0.9285714285714286
0.6875
1.0
1.0714285714285714
0.8125
1.2777777777777777
0.9166666666666666
0.9375
1.5
0.9375
1.0
0.3333333333333333
0.8333333333333334
0.6818181818181818
1.1111111111111112
0.6
1.1923076923076923
1.1875
1.0714285714285714
0.7222222222222222
1.1666666666666667
1.15
0.9
1.0
1.1
1.0
1.0625
1.0
1.0555555555555556
1.25
1.2222222222222223
0.6818181818181818
1.0454545454545454
0.9166666666666666
1.125
1.3888888888888888
1.3333333333333333
0.8125
0.9444444444444444
1.2857142857142858
1.0
1.0454545454545454
0.65
0.9166666666666666
1.1
1.5
0.7857142857142857
1.3333333333333333
1.25
0.75
1.0555555555555556
0.9285714285714286
1.75
1.0833333333333333
0.875
0.9166666666666666
1.125
1.1428571428571428
1.375
0.6666666666666666
0.8846153846153846
0.8636363636363636
1.1111111111111112
1.0833333333333333
0.75
1.15
1.1153846153846154
0.8125
1.1
1.0833333333333333
1.2777777777777777
0.7857142857142857
0.75
1.125
0.85
1.5
1.0555555555555556
1.5
1.0714285714285714
0.95
1.1
1.5
1.0625
1.1111111111111112
0.9166666666666666
0.9166666666666666
1.0833333333333333
1.5
1.125
1.0833333333333333
1.25
0.9166666666666666
1.625
0.9285714285714286
1.2
1.5
0.9090909090909091
1.3125
1.0555555555555556
0.75
0.7857142857142857
1.125
1.125
0.9285714285714286
1.0833333333333333
0.8333333333333334
1.3
1.0833333333333333
1.5
1.25
1.0714285714285714
1.1
0.9
0.7857142857142857
1.1363636363636365
1.0555555555555556
0.6666666666666666
1.0555555555555556
1.4375
1.3333333333333333
1.125
1.125
1.5
1.5
1.75
0.9
1.0833333333333333
1.125
1.0714285714285714
1.25
1.0833333333333333
0.9166666666666666
1.1111111111111112
1.125
0.9
0.7857142857142857
0.9444444444444444
1.1666666666666667
1.0714285714285714
0.9375
1.1111111111111112
0.8333333333333334
1.125
1.125
1.125
1.0833333333333333
1.5
0.7777777777777778
0.9285714285714286
1.0
1.0833333333333333
1.0833333333333333
1.125
0.9444444444444444
1.125
0.9444444444444444
1.3125
1.4285714285714286
0.8846153846153846
0.9285714285714286
1.0555555555555556
1.125
0.9166666666666666
0.85
1.4285714285714286
0.8333333333333334
1.3
0.9
1.0
0.95
0.9444444444444444
1.0
0.9545454545454546
1.5625
1.0625
0.9
1.125
1.0833333333333333
0.8333333333333334
0.8636363636363636
1.2222222222222223
1.125
0.85
0.9444444444444444
0.7222222222222222
0.9
0.9285714285714286
1.3333333333333333
1.5
1.1428571428571428
1.1111111111111112
1.125
1.125
1.2142857142857142
1.1
0.875
1.0
1.0833333333333333
1.125
1.125
1.1
1.0416666666666667
0.7857142857142857
1.2857142857142858
1.5
0.9
1.0909090909090908
1.0714285714285714
1.0
1.0625
1.2
1.1
1.2857142857142858
1.0625
0.9285714285714286
0.9
0.5
1.35
1.5
1.3
0.9285714285714286
1.1875
1.1
0.75
1.2222222222222223
0.7916666666666666
1.3333333333333333
1.125
1.0
0.9166666666666666
1.1818181818181819
1.0833333333333333
1.1666666666666667
1.125
1.2142857142857142
1.0714285714285714
1.1666666666666667
0.9
1.2222222222222223
1.25
1.125
1.25
1.375
1.1111111111111112
0.9
1.1
0.875
0.8333333333333334
1.0833333333333333
0.9375
1.0714285714285714
1.0833333333333333
1.0714285714285714
1.3
0.9444444444444444
0.9375
1.4375
0.9285714285714286
1.2222222222222223
1.125
1.0
1.75
1.0714285714285714
1.125
1.0833333333333333
0.9285714285714286
1.0
1.0
1.0555555555555556
1.0909090909090908
1.125
1.05
1.1666666666666667
1.1
1.0625
1.125
0.95
0.95
1.125
1.1538461538461537
1.0555555555555556
0.8636363636363636
1.15
0.9
1.2857142857142858
1.0
1.0454545454545454
0.9
0.9583333333333334
1.0
1.375
1.5
1.0555555555555556
1.0
1.25
1.0833333333333333
1.375
1.0833333333333333
0.9
1.1
0.75
1.0909090909090908
0.9375
1.1
1.0714285714285714
1.1111111111111112
1.0833333333333333
1.3
1.3
0.7222222222222222
1.375
0.7307692307692307
1.2857142857142858
0.9166666666666666
0.9375
1.1
0.9444444444444444
0.9166666666666666
1.0
1.0
0.8333333333333334
1.1
0.9444444444444444
1.0
1.0
0.85
1.0555555555555556
1.0
1.1363636363636365
1.3333333333333333
0.8125
1.1
0.9166666666666666
0.9285714285714286
1.125
1.25
0.9
1.2857142857142858
1.0
1.0416666666666667
0.75
0.8333333333333334
0.6428571428571429
0.9
0.9
1.5
1.0
0.9
1.0833333333333333
1.75
0.9285714285714286
0.9285714285714286
1.0
0.9444444444444444
1.125
1.5
1.2857142857142858
0.9166666666666666
1.25
1.1428571428571428
1.3
0.95
1.125
1.0384615384615385
0.6428571428571429
1.1111111111111112
1.1
1.125
0.9
1.3333333333333333
1.125
0.9
0.75
0.9375
0.8125
0.8125
0.9375
0.8333333333333334
1.5
0.9285714285714286
0.9375
1.0714285714285714
0.9285714285714286
1.3333333333333333
1.2142857142857142
1.0833333333333333
0.7083333333333334
0.8461538461538461
1.2142857142857142
1.375
1.1
0.7857142857142857
0.9166666666666666
1.6
0.75
0.9375
0.9285714285714286
0.6
0.9285714285714286
1.5
1.0
0.75
1.1428571428571428
0.75
1.2857142857142858
0.95
1.5
1.0833333333333333
0.8125
1.1
0.9285714285714286
1.5
0.75
1.1111111111111112
1.25
1.5
1.1111111111111112
1.0714285714285714
0.9166666666666666
1.0714285714285714
0.9166666666666666
0.9230769230769231
1.1
0.9
1.125
0.85
1.0833333333333333
1.1111111111111112
1.375
1.1428571428571428
0.75
0.6
0.7222222222222222
1.2222222222222223
1.75
1.0
1.0833333333333333
0.6875
0.9285714285714286
0.7857142857142857
0.9375
0.9285714285714286
0.75
1.125
1.25
0.85
1.1111111111111112
0.8461538461538461
1.1428571428571428
0.75
0.95
1.0
0.7857142857142857
0.8846153846153846
1.3125
1.1
0.9375
0.9444444444444444
0.9444444444444444
0.9285714285714286
1.125
1.05
1.125
0.8333333333333334
1.0625
0.8888888888888888
0.9285714285714286
1.125
1.125
1.1
1.25
1.125
1.1666666666666667
0.85
1.0714285714285714
1.0714285714285714
1.375
1.0
1.3333333333333333
1.3
0.85
1.05
1.0
1.35
1.0833333333333333
1.05
1.125
1.4285714285714286
0.7222222222222222
0.9285714285714286
0.9166666666666666
0.7857142857142857
1.0714285714285714
0.75
1.2857142857142858
1.0384615384615385
1.0833333333333333
0.9166666666666666
1.0
1.125
0.9444444444444444
1.0555555555555556
1.125
0.9090909090909091
0.7857142857142857
1.0833333333333333
0.9375
1.1538461538461537
0.9375
1.125
0.7857142857142857
1.0833333333333333
1.0
1.0833333333333333
1.25
1.0
1.0833333333333333
1.125
1.3636363636363635
1.2142857142857142
0.9
0.9444444444444444
1.1428571428571428
0.9285714285714286
0.9
1.3333333333333333
0.9
0.95
1.375
1.125
1.2272727272727273
1.0
1.125
1.1
1.0
1.3
0.9285714285714286
0.9285714285714286
1.0833333333333333
1.1
1.2857142857142858
0.9090909090909091
1.25
0.75
1.0
1.125
1.0625
1.125
1.2272727272727273
0.9375
1.25
1.4285714285714286
1.0714285714285714
1.125
1.1666666666666667
0.75
1.5
0.8636363636363636
1.25
1.1
0.9285714285714286
1.0714285714285714
1.125
1.2222222222222223
1.2857142857142858
1.1153846153846154
0.9285714285714286
0.9
1.3333333333333333
0.95
1.4444444444444444
0.8888888888888888
1.0416666666666667
1.5
1.0
0.75
1.0
1.3125
1.1
1.0555555555555556
0.9
1.0
1.3333333333333333
1.1
1.0
1.0833333333333333
1.3333333333333333
0.6923076923076923
1.25
1.0833333333333333
1.125
1.3888888888888888
1.4
1.3
0.8125
1.2857142857142858
1.0833333333333333
1.05
0.7857142857142857
1.15
1.4
1.1428571428571428
1.3636363636363635
1.75
1.125
1.0625
1.375
0.7222222222222222
1.5
1.2857142857142858
1.1
0.8333333333333334
1.2857142857142858
0.9285714285714286
1.375
1.125
1.25
1.2857142857142858
1.05
1.1111111111111112
1.0
1.4
1.125
0.9642857142857143
1.0
0.8333333333333334
0.6875
1.3333333333333333
0.9444444444444444
1.4285714285714286
0.85
1.375
1.1
1.2222222222222223
0.7857142857142857
0.8888888888888888
0.9166666666666666
0.85
0.9166666666666666
1.0
1.5
0.9285714285714286
0.9166666666666666
0.9285714285714286
1.5
1.0
1.1428571428571428
1.0
1.0909090909090908
0.9
1.6666666666666667
1.2857142857142858
1.2222222222222223
0.75
0.9285714285714286
0.9
1.1
1.1666666666666667
1.125
1.1538461538461537
1.3
0.85
1.4285714285714286
0.9
0.9444444444444444
1.6
0.95
1.1111111111111112
1.1111111111111112
0.7857142857142857
1.2272727272727273
0.9166666666666666
0.75
1.0714285714285714
1.1
1.0
1.125
0.3333333333333333
1.2222222222222223
0.9375
1.125
1.5
1.125
1.3333333333333333
0.75
1.2142857142857142
1.25
1.0
0.9545454545454546
0.9
1.0833333333333333