1.8
1.1111111111111112
1.0
1.125
1.1428571428571428
1.0
0.75
1.0
2.0
0.8333333333333334
1.0
1.1666666666666667
1.0
1.2222222222222223
0.6666666666666666
1.5
1.0
2.25
1.5
1.6363636363636365
1.625
1.0
1.1666666666666667
0.75
0.5
1.5454545454545454
1.0
1.0
1.0
1.0
1.9090909090909092
1.1428571428571428
1.0
1.0
1.1
1.1666666666666667
0.8571428571428571
1.1111111111111112
1.0
1.3
1.0
0.8571428571428571
1.6666666666666667
1.0
1.0
1.6666666666666667
1.6
1.2222222222222223
1.6363636363636365
0.6666666666666666
0.75
1.2727272727272727
1.3333333333333333
1.1
1.3333333333333333
1.0
1.7
1.125
0.75
0.8333333333333334
1.0909090909090908
0.8333333333333334
0.8571428571428571
1.1111111111111112
2.0
1.25
1.5
0.75
0.9
1.2857142857142858
0.6666666666666666
1.0
1.0
1.0909090909090908
0.8333333333333334
0.75
0.8333333333333334
1.0
1.2857142857142858
1.0
1.25
1.1428571428571428
1.5555555555555556
1.2727272727272727
1.4444444444444444
1.4285714285714286
1.0
1.1666666666666667
1.2727272727272727
1.0
0.75
0.6666666666666666
1.9
0.8
1.375
1.6666666666666667
1.0909090909090908
1.1666666666666667
1.6
1.0
1.0
1.3636363636363635
1.1818181818181819
1.2
1.0
1.125
1.6666666666666667
1.1
1.0
0.6666666666666666
1.0
1.2222222222222223
1.0
0.6666666666666666
1.0
1.125
1.0
1.1111111111111112
1.0
0.8333333333333334
1.7
1.125
0.75
1.0
1.25
1.3
1.0
1.0
1.5555555555555556
0.8571428571428571
0.8
1.8
1.1666666666666667
1.1428571428571428
1.0
1.2
1.4
1.0
1.5
1.0
0.6666666666666666
1.5
1.5
2.1666666666666665
1.3333333333333333
1.1818181818181819
0.6666666666666666
1.4285714285714286
2.076923076923077
0.75
1.2222222222222223
0.6666666666666666
1.0
1.0
1.0
1.2222222222222223
1.0
1.4285714285714286
1.3333333333333333
1.5
1.0
1.1428571428571428
1.0
1.1428571428571428
1.5714285714285714
0.75
0.6666666666666666
0.8
1.4444444444444444
1.0
1.0
1.0
1.6666666666666667
0.75
1.125
1.2
1.1428571428571428
0.8333333333333334
1.1
1.8
1.1111111111111112
1.0
1.25
1.7777777777777777
0.8
1.6666666666666667
1.125
1.0
1.1818181818181819
1.0
1.0
0.875
1.0
1.0
0.75
1.25
1.0
1.1666666666666667
0.6666666666666666
1.125
0.75
2.727272727272727
1.1666666666666667
0.6666666666666666
0.8571428571428571
1.5555555555555556
0.75
0.8571428571428571
1.4285714285714286
1.1111111111111112
1.625
1.3
1.0
1.2
2.2
1.4444444444444444
0.8333333333333334
1.125
1.0
0.75
1.2857142857142858
1.1818181818181819
0.9090909090909091
1.7142857142857142
1.6363636363636365
0.875
0.8333333333333334
1.2857142857142858
1.0
1.0
1.25
0.8571428571428571
0.8
1.7142857142857142
1.4
1.0
1.25
1.5
1.125
1.5
1.0
1.9
0.6666666666666666
1.0
0.75
1.0
0.8333333333333334
1.2
1.0
0.6666666666666666
1.0
1.6363636363636365
0.8
1.8571428571428572
1.1666666666666667
1.5454545454545454
1.6666666666666667
1.6666666666666667
1.6363636363636365
1.5
1.3636363636363635
1.25
1.1111111111111112
1.0
1.0
0.8333333333333334
0.8333333333333334
1.3333333333333333
1.3333333333333333
1.0
1.9230769230769231
1.5833333333333333
1.1666666666666667
0.8
1.0
1.3333333333333333
1.0
0.6666666666666666
1.0
1.2222222222222223
1.0
1.0
1.0
1.6363636363636365
1.875
1.0
1.0
1.2222222222222223
1.0
0.75
1.1
1.375
2.230769230769231
1.1
2.230769230769231
1.3333333333333333
0.75
1.3
1.0
1.5
1.0
1.9
2.142857142857143
1.25
1.7
1.0
1.5
1.625
1.2
1.6666666666666667
1.0
1.1111111111111112
1.5
0.8
0.875
1.0
2.125
1.1111111111111112
1.0
0.8333333333333334
2.1
1.1
1.375
1.125
1.5
0.75
1.0
1.0
1.125
1.6666666666666667
1.2
0.75
1.25
1.0
1.2857142857142858
1.0
1.5833333333333333
1.8888888888888888
0.8
0.75
1.0
1.1111111111111112
1.0
0.6666666666666666
1.25
0.8333333333333334
1.5
1.8333333333333333
1.0
1.3076923076923077
2.230769230769231
1.25
0.75
1.2
2.0
1.2222222222222223
1.5833333333333333
1.1428571428571428
0.6666666666666666
1.1666666666666667
1.1818181818181819
0.6666666666666666
0.75
1.1666666666666667
1.6
1.125
1.5
1.0833333333333333
2.4444444444444446
1.3
0.75
1.0
0.6666666666666666
1.0
1.2222222222222223
1.0
1.2222222222222223
1.0
1.5833333333333333
1.0
0.8571428571428571
0.75
1.0909090909090908
1.5454545454545454
1.7777777777777777
1.8
1.4444444444444444
1.0
1.0
1.0
1.3333333333333333
1.1428571428571428
1.1428571428571428
1.2727272727272727
1.0
1.2222222222222223
1.0
0.75
1.25
1.8
1.1666666666666667
1.0
1.0
1.1666666666666667
1.125
1.2222222222222223
1.2857142857142858
1.1818181818181819
1.1
1.2
1.0
0.8
1.2727272727272727
1.0
1.0
0.6666666666666666
1.0
2.1
1.3333333333333333
1.2857142857142858
1.6
1.0
1.0
1.0
1.1428571428571428
1.25
1.5555555555555556
1.1428571428571428
0.8333333333333334
1.4545454545454546
1.0
1.5454545454545454
1.1428571428571428
1.0909090909090908
0.8888888888888888
1.1111111111111112
1.9
1.5555555555555556
0.75
0.8888888888888888
1.1
1.2857142857142858
0.6666666666666666
1.1111111111111112
1.3636363636363635
1.1111111111111112
0.8333333333333334
0.6666666666666666
1.1666666666666667
1.1111111111111112
1.5
0.75
1.4545454545454546
1.0
0.8
1.2727272727272727
1.3333333333333333
1.5555555555555556
1.4
1.2222222222222223
1.4
1.2
1.3333333333333333
1.0
1.8888888888888888
1.1428571428571428
2.2
1.0
1.1111111111111112
1.1428571428571428
1.2
1.2
1.3333333333333333
1.0
1.3333333333333333
1.5
1.0
1.0
1.2222222222222223
1.25
0.75
1.1428571428571428
1.0
0.6666666666666666
1.375
1.0
2.0
1.0
1.5555555555555556
0.75
1.3333333333333333
1.1666666666666667
2.0
1.75
0.8333333333333334
0.875
2.1818181818181817
1.125
0.8571428571428571
1.1666666666666667
1.1666666666666667
1.0
1.0
1.0
1.4
1.5833333333333333
0.75
1.2857142857142858
0.75
1.2222222222222223
1.0
1.5
1.7272727272727273
0.8333333333333334
1.1
1.4444444444444444
1.3333333333333333
0.8333333333333334
1.0
1.0
1.0
0.8571428571428571
1.0
1.0
1.1428571428571428
0.8
2.0
1.0
1.375
1.3
1.1666666666666667
1.0
1.0
1.6666666666666667
1.1666666666666667
1.4545454545454546
0.6666666666666666
1.0
1.2857142857142858
0.75
1.25
1.0
1.0
1.1666666666666667
1.3
1.4285714285714286
1.25
1.1428571428571428
1.6666666666666667
1.5714285714285714
1.1111111111111112
0.6666666666666666
1.3
0.6666666666666666
1.0
0.875
1.0
1.0
0.75
1.25
1.3333333333333333
0.8333333333333334
1.0
1.125
1.9090909090909092
1.5
1.1111111111111112
1.1666666666666667
1.6666666666666667
0.9
0.8
0.6666666666666666
1.0
1.0
0.8
1.0
1.2727272727272727
1.0
2.0
1.0
1.0
1.0
1.1428571428571428
0.8333333333333334
1.5
1.1111111111111112
1.1428571428571428
0.75
1.0
0.75
0.75
1.0
0.75
0.75
1.2857142857142858
1.875
1.375
1.0
1.3
1.0
1.0
1.3333333333333333
0.8333333333333334
1.0
1.0909090909090908
1.0
1.3
1.875
0.6666666666666666
1.0
1.8888888888888888
1.3333333333333333
1.0
2.0
1.0
1.0
1.0833333333333333
1.9166666666666667
1.2
1.6363636363636365
1.2727272727272727
2.0
0.8888888888888888
1.0
1.5
0.8
1.0
1.25
2.1666666666666665
1.1111111111111112
1.0
0.75
0.6666666666666666
1.4
1.2222222222222223
0.75
1.2222222222222223
0.75
1.1666666666666667
1.5714285714285714
1.25
1.0
1.4285714285714286
1.4444444444444444
1.2222222222222223
0.8333333333333334
1.0
0.875
1.0
1.0
1.0
1.375
1.0
1.0
2.0
0.75
1.1818181818181819
1.2222222222222223
1.1666666666666667
1.3846153846153846
0.75
0.75
1.1428571428571428
1.4285714285714286
1.0
1.0
2.5
2.5384615384615383
0.8
1.3
1.0
1.125
0.75
1.0
1.0
0.75
1.9
1.4444444444444444
1.0
1.0
1.1111111111111112
0.6666666666666666
1.0
1.2857142857142858
1.1111111111111112
1.25
1.75
1.3
0.75
1.3076923076923077
1.375
1.5833333333333333
1.6923076923076923
1.125
1.5
1.1818181818181819
1.0
1.1666666666666667
1.4285714285714286
1.125
1.5
1.4285714285714286
1.9090909090909092
1.1666666666666667
1.6666666666666667
0.6666666666666666
1.2857142857142858
1.4444444444444444
1.8181818181818181
1.1666666666666667
1.3
1.625
1.0
1.125
1.0
1.375
0.8
1.0
0.8333333333333334
1.75
1.4
1.0
0.6666666666666666
1.25
1.0
1.3333333333333333
0.8333333333333334
1.1428571428571428
1.5454545454545454
0.8888888888888888
1.0
1.3
1.1111111111111112
1.4545454545454546
1.25
2.6
0.6666666666666666
1.0
1.0
1.5714285714285714
0.6666666666666666
1.0
1.6923076923076923
0.6666666666666666
1.3333333333333333
1.0
1.3
0.8
1.0
0.8
0.75
1.1111111111111112
1.6
1.4
1.0
1.0
1.0
1.125
1.5
2.3333333333333335
1.0769230769230769
0.8888888888888888
1.3333333333333333
1.4285714285714286
1.0
0.75
0.6666666666666666
1.2
1.0
0.6666666666666666
1.0
0.8
1.2
1.375
1.5555555555555556
1.1666666666666667
0.8333333333333334
1.25
1.125
1.0833333333333333
1.0
1.0
1.7272727272727273
1.0
1.6666666666666667
0.8333333333333334
1.0
2.3333333333333335
1.6
1.2
1.7777777777777777
1.4285714285714286
1.3333333333333333
0.6666666666666666
1.6
1.3333333333333333
1.1428571428571428
0.6666666666666666
1.2
1.1428571428571428
1.3636363636363635
1.0
1.4
1.4166666666666667
1.6666666666666667
1.9
1.125
1.1666666666666667
2.0833333333333335
2.1538461538461537
1.0
1.0
1.75
1.0
1.3571428571428572
1.1428571428571428
1.0
1.9090909090909092
1.1818181818181819
1.0
1.2142857142857142
1.1
1.1428571428571428
0.6666666666666666
1.0
1.4444444444444444
1.0
1.0
0.6666666666666666
1.4
1.5454545454545454
1.8461538461538463
1.0
1.1428571428571428
0.75
1.9
1.2857142857142858
1.3636363636363635
1.5555555555555556
0.75
0.6666666666666666
0.75
0.8333333333333334
1.0
1.1666666666666667
1.0
0.8
1.3333333333333333
1.0
0.8571428571428571
1.0
1.0909090909090908
0.75
1.7142857142857142
1.6
1.0
0.8333333333333334
1.0
2.888888888888889
2.0
0.9090909090909091
1.5
0.75
1.1
1.2727272727272727
1.1428571428571428
1.0
1.125
1.125
1.3
1.2
0.8333333333333334
0.8333333333333334
1.0
1.0
0.9090909090909091
0.8
0.6666666666666666
1.125
1.0
1.5
0.6666666666666666
1.0
0.8333333333333334
0.75
1.0
1.5454545454545454
1.7692307692307692
1.0
1.3333333333333333
1.0
1.0
1.0
0.6666666666666666
1.0
1.8
1.0
2.7142857142857144
1.0
1.0
1.6666666666666667
1.7272727272727273
1.1666666666666667
1.0
0.8333333333333334
1.1428571428571428
1.1111111111111112
1.1666666666666667
1.2222222222222223
1.0
1.5714285714285714
1.875
1.4166666666666667
0.8333333333333334
0.75
0.8333333333333334
1.0909090909090908
1.0
0.8
1.0
0.6666666666666666
0.875
0.8888888888888888
1.0
1.0
0.5
2.076923076923077
1.0
1.0
1.1666666666666667
1.0
1.4166666666666667
1.0
0.75
1.1111111111111112
1.125
1.0
1.7777777777777777
1.0
1.0
0.8
1.9
1.3
1.25
1.0
0.6666666666666666
1.0
1.0
1.0
1.0
1.3333333333333333
1.0
0.6666666666666666
1.0909090909090908
1.25
1.1818181818181819
1.125
1.0
1.5
1.1111111111111112
0.8571428571428571
0.6666666666666666
0.8333333333333334
1.5454545454545454
1.4285714285714286
1.0
1.4545454545454546
1.75
0.8571428571428571
1.6666666666666667
1.1428571428571428
1.1538461538461537
1.0
1.25
1.0
1.6
1.0
1.2222222222222223
1.5
1.7142857142857142
1.0
1.25
1.1538461538461537
0.8333333333333334
1.0
1.3333333333333333
1.0
2.1
1.0
0.8
1.0
1.125
1.0
2.2222222222222223
1.2857142857142858
1.4285714285714286
0.8333333333333334
1.25
1.3333333333333333
0.8333333333333334
1.0
1.2
1.0
2.0
1.0
1.3333333333333333
1.125
1.3636363636363635
1.0
1.0
1.0
1.0769230769230769
1.1818181818181819
1.1111111111111112
0.8571428571428571
1.4285714285714286
0.75
1.2222222222222223
0.75
0.8
1.8181818181818181
1.3333333333333333
0.75
1.8
1.0
1.0
1.1428571428571428
1.1
1.0
0.8571428571428571
1.375
1.1111111111111112
1.25
1.2222222222222223
1.1111111111111112
1.0
1.1111111111111112
1.1111111111111112
0.8333333333333334
1.0
1.5
1.5833333333333333
1.5454545454545454
0.6666666666666666
1.0
1.2857142857142858
1.1666666666666667
0.6666666666666666
1.0
1.7
1.5714285714285714
1.5
1.125
0.6666666666666666
0.6666666666666666
1.1538461538461537
1.0
1.375
1.0
1.2
2.0833333333333335
0.75
2.0
0.75
1.0
1.0
0.75
0.6666666666666666
1.0
1.2857142857142858
0.6666666666666666
1.6666666666666667
0.6666666666666666
1.0
1.1111111111111112
1.0
1.0
1.0
1.0
1.0
1.3636363636363635
1.0
1.7142857142857142
2.0
1.0
1.5
0.75
0.75
1.0
0.6666666666666666
1.5833333333333333
1.0
1.125
0.6666666666666666
1.0
2.0833333333333335
0.8
1.1666666666666667
1.0
1.1818181818181819
1.0
1.6666666666666667
1.0
1.1111111111111112
1.2857142857142858
1.5555555555555556
1.2
1.2857142857142858
1.0
1.0
0.75
1.6666666666666667
0.8
1.4545454545454546
1.0
1.1111111111111112
1.0
1.0
1.0
1.0
1.2
1.25
1.5454545454545454
1.0
1.6666666666666667
1.0
1.0
1.0
1.0
1.0
1.8
0.8
1.0
1.3333333333333333
1.0
1.0
1.6666666666666667
0.6666666666666666
1.1111111111111112
1.2727272727272727
1.125
1.0
0.75
1.375
1.0
1.3
0.8571428571428571
1.2
1.3333333333333333
1.0
1.7142857142857142
1.0
1.4444444444444444
1.0
0.75
2.142857142857143
1.1428571428571428
1.6666666666666667
1.0
1.1666666666666667
1.4285714285714286
0.6666666666666666
1.4444444444444444
1.0
0.75
1.0
1.0
1.5833333333333333
1.6
1.0
1.4166666666666667
0.8571428571428571
1.0
1.4166666666666667
1.0
0.75
1.3
0.8333333333333334
0.8333333333333334
1.3076923076923077
1.1666666666666667
1.1
1.0
0.75
1.0
0.8
1.1428571428571428
0.75
1.125
1.0
1.2222222222222223
1.4
1.2857142857142858
1.0
1.3333333333333333
0.8571428571428571
1.1666666666666667
1.9090909090909092
1.6363636363636365
0.75
1.4285714285714286
0.8888888888888888
1.3076923076923077
0.6666666666666666
1.3
0.6666666666666666
0.75
2.6923076923076925
1.0
1.125
0.8571428571428571
1.0
1.1
1.0
1.4166666666666667
1.25
1.1428571428571428
1.0
1.7142857142857142
1.2857142857142858
1.0
1.1428571428571428
1.0
1.375
1.1666666666666667
1.0
1.0
1.1666666666666667
1.3333333333333333
1.2727272727272727
1.2222222222222223
1.0
0.6666666666666666
1.0
1.0
1.3636363636363635
0.6666666666666666
0.6666666666666666
1.7692307692307692
1.7
1.0
0.6666666666666666
1.0
2.0
1.0
1.4285714285714286
1.6363636363636365
2.2
1.5714285714285714
1.0
1.5
1.2222222222222223
1.0
1.0
1.5454545454545454
1.4166666666666667
0.8333333333333334
0.75
0.6666666666666666
2.0
1.0
1.25
0.75
1.0
1.75
1.125
1.5454545454545454
1.7777777777777777
1.1428571428571428
2.3333333333333335
1.1818181818181819
1.3333333333333333
1.0
1.8
1.1428571428571428
1.0
0.8571428571428571
1.3333333333333333
1.0
1.0
1.0
1.5
1.6666666666666667
1.7142857142857142
1.4
1.3
1.0
1.0
1.1
0.75
1.25
1.0
1.125
1.1111111111111112
1.125
1.0
1.4285714285714286
1.25
1.125
0.8571428571428571
0.6666666666666666
1.125
2.0
1.7692307692307692
1.5
1.5
1.0
1.4545454545454546
1.2857142857142858
1.0
1.0
0.6666666666666666
1.625
1.3636363636363635
1.25
0.75
1.0
1.2857142857142858
1.5
1.4545454545454546
1.0
1.1428571428571428
0.8571428571428571
1.0
1.1428571428571428
1.0
0.8333333333333334
1.3846153846153846
0.8
2.0
1.25
1.3333333333333333
1.4444444444444444
0.75
0.75
1.25
1.2857142857142858
0.6666666666666666
1.4285714285714286
1.375
1.0
1.5
1.375
1.5384615384615385
1.0
0.75
1.0
1.1428571428571428
1.375
1.9090909090909092
1.875
1.1111111111111112
1.2727272727272727
1.3333333333333333
1.0
1.1666666666666667
1.0
1.5555555555555556
1.5
1.0
2.3333333333333335
0.75
0.8333333333333334
2.5
1.1666666666666667
1.0
1.3636363636363635
0.8
1.0
1.3333333333333333
1.7777777777777777
1.0
0.6666666666666666
1.2727272727272727
1.0909090909090908
0.75
0.8333333333333334
0.8
1.0
0.8333333333333334
1.7777777777777777
0.6666666666666666
0.875
1.0
2.076923076923077
1.2857142857142858
0.6666666666666666
1.4444444444444444
1.2857142857142858
1.7142857142857142
1.625
1.5454545454545454
1.0
1.1
1.0
1.3333333333333333
1.625
1.3333333333333333
2.4545454545454546
0.75
0.8
1.875
1.1428571428571428
1.25
1.0
0.6666666666666666
2.111111111111111
1.0
1.8461538461538463
0.75
2.0
1.0
1.0
1.6363636363636365
0.75
1.3
1.3333333333333333
0.6666666666666666
1.1428571428571428
1.4444444444444444
1.4285714285714286
1.1428571428571428
1.2222222222222223
1.4444444444444444
1.0909090909090908
1.6666666666666667
1.1666666666666667
1.125
0.75
1.25
0.8571428571428571
1.5454545454545454
0.875
0.6666666666666666
1.8181818181818181
1.0
1.0
0.75
1.2727272727272727
1.0
1.1666666666666667
0.8333333333333334
1.8181818181818181
1.2
0.8333333333333334
1.7142857142857142
1.5
0.75
1.2857142857142858
0.6666666666666666
1.0
0.5
0.6666666666666666
0.75
1.3333333333333333
1.1
1.0
1.0
1.8
1.3333333333333333
1.4545454545454546
1.0
1.25
1.1111111111111112
1.0833333333333333
0.8571428571428571
1.8888888888888888
0.8571428571428571
1.25
1.5
1.6
0.6666666666666666
1.0
1.2222222222222223
1.1666666666666667
1.0
1.7777777777777777
1.4
1.3
0.8333333333333334
1.1818181818181819
1.5
1.1
1.9
0.8571428571428571
0.8571428571428571
0.75
1.0
1.9
1.0
1.3
1.5454545454545454
0.6666666666666666
2.230769230769231
0.875
1.4285714285714286
0.75
1.0
0.75
1.0
1.4444444444444444
1.1
1.1428571428571428
1.0
1.0
0.8333333333333334
0.8
1.0
1.1
1.1
1.5
1.5454545454545454
1.0
0.8571428571428571
1.4444444444444444
1.3846153846153846
0.75
1.0
1.3333333333333333
1.5
1.375
1.3333333333333333
1.5
1.5
2.1818181818181817
1.7
1.0
1.0
1.0
1.0
1.1111111111111112
1.1428571428571428
1.3333333333333333
0.8
0.6666666666666666
1.5
1.1428571428571428
1.375
0.875
0.8571428571428571
1.3
1.6
1.0
1.3333333333333333
1.1428571428571428
1.6
1.0
1.7
1.75
0.8
1.0
1.1666666666666667
1.1111111111111112
1.0
1.2222222222222223
1.1666666666666667
1.0
1.3333333333333333
0.8571428571428571
1.6
1.375
1.5
1.5
1.6666666666666667
1.6923076923076923
1.125
1.0
1.7272727272727273
2.5
0.75
2.230769230769231
1.1666666666666667
1.5384615384615385
1.0833333333333333
1.0
1.0
1.1111111111111112
1.3333333333333333
1.2
0.9166666666666666
1.4
1.4285714285714286
1.2
1.375
1.2857142857142858
1.1666666666666667
1.1111111111111112
1.0
1.5
1.0
2.0
1.1428571428571428
1.625
1.375
1.125
0.75
1.4166666666666667
1.0
1.5454545454545454
1.1111111111111112
1.7142857142857142
1.0
1.1111111111111112
1.375
1.0
1.0769230769230769
0.6666666666666666
1.0
1.375
0.8
1.0
1.1
1.0
0.75
1.1818181818181819
1.0
1.25
1.0
0.9
1.6363636363636365
2.0
1.2
1.4444444444444444
1.7
1.2
1.1666666666666667
1.3333333333333333
1.2727272727272727
1.0
1.4444444444444444
1.1818181818181819
1.2
1.0
2.0
1.5
0.8333333333333334
1.0
1.6666666666666667
1.1111111111111112
0.8
1.5
1.8
1.125
0.875
1.0
0.8571428571428571
1.4285714285714286
0.6666666666666666
0.8
1.1428571428571428
1.625
1.4666666666666666
0.6666666666666666
1.2727272727272727
1.0
1.2222222222222223
1.0
1.0
1.2222222222222223
